{
  "accessors": [
    {
      "bufferView": 0,
      "componentType": 5126,
      "count": 336,
      "max": [
        205.03317260742188,
        205.03317260742188,
        5.0
      ],
      "min": [
        -205.03317260742188,
        -205.03317260742188,
        -5.0
      ],
      "type": "VEC3"
    },
    {
      "bufferView": 0,
      "byteOffset": 12,
      "componentType": 5126,
      "count": 336,
      "type": "VEC3"
    },
    {
      "bufferView": 1,
      "componentType": 5125,
      "count": 2016,
      "type": "SCALAR"
    },
    {
      "bufferView": 2,
      "componentType": 5126,
      "count": 1101,
      "max": [
        394.6912841796875,
        338.2233581542969,
        50.0
      ],
      "min": [
        -299.249267578125,
        -395.328857421875,
        -99.44660186767578
      ],
      "type": "VEC3"
    },
    {
      "bufferView": 2,
      "byteOffset": 12,
      "componentType": 5126,
      "count": 1101,
      "type": "VEC3"
    },
    {
      "bufferView": 3,
      "componentType": 5125,
      "count": 4032,
      "type": "SCALAR"
    },
    {
      "bufferView": 4,
      "componentType": 5126,
      "count": 686,
      "max": [
        312.6639709472656,
        35.06730270385742,
        54.61787033081055
      ],
      "min": [
        -34.41357421875,
        -39.26510238647461,
        -10.37197494506836
      ],
      "type": "VEC3"
    },
    {
      "bufferView": 4,
      "byteOffset": 12,
      "componentType": 5126,
      "count": 686,
      "type": "VEC3"
    },
    {
      "bufferView": 5,
      "componentType": 5125,
      "count": 2646,
      "type": "SCALAR"
    },
    {
      "bufferView": 4,
      "byteOffset": 21952,
      "componentType": 5126,
      "count": 454,
      "max": [
        319.8539733886719,
        16.451297760009766,
        40.20671081542969
      ],
      "min": [
        64.46731567382813,
        -46.87091827392578,
        4.038890838623047
      ],
      "type": "VEC3"
    },
    {
      "bufferView": 4,
      "byteOffset": 21964,
      "componentType": 5126,
      "count": 454,
      "type": "VEC3"
    },
    {
      "bufferView": 5,
      "byteOffset": 10584,
      "componentType": 5125,
      "count": 1776,
      "type": "SCALAR"
    },
    {
      "bufferView": 6,
      "componentType": 5126,
      "count": 1040,
      "max": [
        29.785266876220703,
        16.758567810058594,
        18.51749610900879
      ],
      "min": [
        -29.785266876220703,
        -26.631431579589844,
        -3.35589599609375
      ],
      "type": "VEC3"
    },
    {
      "bufferView": 6,
      "byteOffset": 12,
      "componentType": 5126,
      "count": 1040,
      "type": "VEC3"
    },
    {
      "bufferView": 7,
      "componentType": 5125,
      "count": 2028,
      "type": "SCALAR"
    },
    {
      "bufferView": 8,
      "componentType": 5126,
      "count": 1040,
      "max": [
        29.7568359375,
        16.758569717407227,
        18.517494201660156
      ],
      "min": [
        -29.756837844848633,
        -26.63142967224121,
        -3.35589599609375
      ],
      "type": "VEC3"
    },
    {
      "bufferView": 8,
      "byteOffset": 12,
      "componentType": 5126,
      "count": 1040,
      "type": "VEC3"
    },
    {
      "bufferView": 9,
      "componentType": 5125,
      "count": 2028,
      "type": "SCALAR"
    },
    {
      "bufferView": 10,
      "componentType": 5126,
      "count": 498,
      "max": [
        559.2882690429688,
        56.5233268737793,
        42.06779479980469
      ],
      "min": [
        -6.428915977478027,
        -729.55517578125,
        -151.51473999023438
      ],
      "type": "VEC3"
    },
    {
      "bufferView": 10,
      "byteOffset": 12,
      "componentType": 5126,
      "count": 498,
      "type": "VEC3"
    },
    {
      "bufferView": 11,
      "componentType": 5125,
      "count": 1752,
      "type": "SCALAR"
    },
    {
      "bufferView": 12,
      "componentType": 5126,
      "count": 498,
      "max": [
        553.3063354492188,
        53.11054992675781,
        42.06785583496094
      ],
      "min": [
        -11.84719181060791,
        -730.9111328125,
        -153.0163116455078
      ],
      "type": "VEC3"
    },
    {
      "bufferView": 12,
      "byteOffset": 12,
      "componentType": 5126,
      "count": 498,
      "type": "VEC3"
    },
    {
      "bufferView": 13,
      "componentType": 5125,
      "count": 1752,
      "type": "SCALAR"
    },
    {
      "bufferView": 14,
      "componentType": 5126,
      "count": 686,
      "max": [
        312.6639709472656,
        35.06730270385742,
        54.61787033081055
      ],
      "min": [
        -34.41357421875,
        -39.26510238647461,
        -10.37197494506836
      ],
      "type": "VEC3"
    },
    {
      "bufferView": 14,
      "byteOffset": 12,
      "componentType": 5126,
      "count": 686,
      "type": "VEC3"
    },
    {
      "bufferView": 15,
      "componentType": 5125,
      "count": 2646,
      "type": "SCALAR"
    },
    {
      "bufferView": 14,
      "byteOffset": 21952,
      "componentType": 5126,
      "count": 454,
      "max": [
        319.8539733886719,
        16.451297760009766,
        40.20671081542969
      ],
      "min": [
        64.46731567382813,
        -46.87091827392578,
        4.038890838623047
      ],
      "type": "VEC3"
    },
    {
      "bufferView": 14,
      "byteOffset": 21964,
      "componentType": 5126,
      "count": 454,
      "type": "VEC3"
    },
    {
      "bufferView": 15,
      "byteOffset": 10584,
      "componentType": 5125,
      "count": 1776,
      "type": "SCALAR"
    },
    {
      "bufferView": 16,
      "componentType": 5126,
      "count": 1040,
      "max": [
        29.785266876220703,
        16.758567810058594,
        18.51749610900879
      ],
      "min": [
        -29.785266876220703,
        -26.631431579589844,
        -3.35589599609375
      ],
      "type": "VEC3"
    },
    {
      "bufferView": 16,
      "byteOffset": 12,
      "componentType": 5126,
      "count": 1040,
      "type": "VEC3"
    },
    {
      "bufferView": 17,
      "componentType": 5125,
      "count": 2028,
      "type": "SCALAR"
    },
    {
      "bufferView": 18,
      "componentType": 5126,
      "count": 1040,
      "max": [
        29.7568359375,
        16.758569717407227,
        18.517494201660156
      ],
      "min": [
        -29.756837844848633,
        -26.63142967224121,
        -3.35589599609375
      ],
      "type": "VEC3"
    },
    {
      "bufferView": 18,
      "byteOffset": 12,
      "componentType": 5126,
      "count": 1040,
      "type": "VEC3"
    },
    {
      "bufferView": 19,
      "componentType": 5125,
      "count": 2028,
      "type": "SCALAR"
    },
    {
      "bufferView": 20,
      "componentType": 5126,
      "count": 498,
      "max": [
        11.49478530883789,
        -408.4465026855469,
        543.5761108398438
      ],
      "min": [
        -74.66561889648438,
        -1204.97265625,
        -15.456762313842773
      ],
      "type": "VEC3"
    },
    {
      "bufferView": 20,
      "byteOffset": 12,
      "componentType": 5126,
      "count": 498,
      "type": "VEC3"
    },
    {
      "bufferView": 21,
      "componentType": 5125,
      "count": 1752,
      "type": "SCALAR"
    },
    {
      "bufferView": 22,
      "componentType": 5126,
      "count": 498,
      "max": [
        4.9726362228393555,
        -408.4463806152344,
        543.576171875
      ],
      "min": [
        -81.47293090820313,
        -1204.01904296875,
        -14.543100357055664
      ],
      "type": "VEC3"
    },
    {
      "bufferView": 22,
      "byteOffset": 12,
      "componentType": 5126,
      "count": 498,
      "type": "VEC3"
    },
    {
      "bufferView": 23,
      "componentType": 5125,
      "count": 1752,
      "type": "SCALAR"
    },
    {
      "bufferView": 24,
      "componentType": 5126,
      "count": 686,
      "max": [
        312.6639709472656,
        35.06730270385742,
        54.61787033081055
      ],
      "min": [
        -34.41357421875,
        -39.26510238647461,
        -10.37197494506836
      ],
      "type": "VEC3"
    },
    {
      "bufferView": 24,
      "byteOffset": 12,
      "componentType": 5126,
      "count": 686,
      "type": "VEC3"
    },
    {
      "bufferView": 25,
      "componentType": 5125,
      "count": 2646,
      "type": "SCALAR"
    },
    {
      "bufferView": 24,
      "byteOffset": 21952,
      "componentType": 5126,
      "count": 454,
      "max": [
        319.8539733886719,
        16.451297760009766,
        40.20671081542969
      ],
      "min": [
        64.46731567382813,
        -46.87091827392578,
        4.038890838623047
      ],
      "type": "VEC3"
    },
    {
      "bufferView": 24,
      "byteOffset": 21964,
      "componentType": 5126,
      "count": 454,
      "type": "VEC3"
    },
    {
      "bufferView": 25,
      "byteOffset": 10584,
      "componentType": 5125,
      "count": 1776,
      "type": "SCALAR"
    },
    {
      "bufferView": 26,
      "componentType": 5126,
      "count": 1040,
      "max": [
        29.785266876220703,
        16.758567810058594,
        18.51749610900879
      ],
      "min": [
        -29.785266876220703,
        -26.631431579589844,
        -3.35589599609375
      ],
      "type": "VEC3"
    },
    {
      "bufferView": 26,
      "byteOffset": 12,
      "componentType": 5126,
      "count": 1040,
      "type": "VEC3"
    },
    {
      "bufferView": 27,
      "componentType": 5125,
      "count": 2028,
      "type": "SCALAR"
    },
    {
      "bufferView": 28,
      "componentType": 5126,
      "count": 1040,
      "max": [
        29.7568359375,
        16.758569717407227,
        18.517494201660156
      ],
      "min": [
        -29.756837844848633,
        -26.63142967224121,
        -3.35589599609375
      ],
      "type": "VEC3"
    },
    {
      "bufferView": 28,
      "byteOffset": 12,
      "componentType": 5126,
      "count": 1040,
      "type": "VEC3"
    },
    {
      "bufferView": 29,
      "componentType": 5125,
      "count": 2028,
      "type": "SCALAR"
    },
    {
      "bufferView": 30,
      "componentType": 5126,
      "count": 498,
      "max": [
        13.052719116210938,
        102.19896697998047,
        124.23268127441406
      ],
      "min": [
        -486.0859375,
        -667.2595825195313,
        -243.5482177734375
      ],
      "type": "VEC3"
    },
    {
      "bufferView": 30,
      "byteOffset": 12,
      "componentType": 5126,
      "count": 498,
      "type": "VEC3"
    },
    {
      "bufferView": 31,
      "componentType": 5125,
      "count": 1752,
      "type": "SCALAR"
    },
    {
      "bufferView": 32,
      "componentType": 5126,
      "count": 498,
      "max": [
        7.310662746429443,
        104.8488998413086,
        124.23262023925781
      ],
      "min": [
        -492.3079528808594,
        -666.0222778320313,
        -242.82620239257813
      ],
      "type": "VEC3"
    },
    {
      "bufferView": 32,
      "byteOffset": 12,
      "componentType": 5126,
      "count": 498,
      "type": "VEC3"
    },
    {
      "bufferView": 33,
      "componentType": 5125,
      "count": 1752,
      "type": "SCALAR"
    },
    {
      "bufferView": 34,
      "componentType": 5126,
      "count": 354,
      "max": [
        91.5,
        91.5,
        181.5
      ],
      "min": [
        -91.5,
        -91.5,
        -1.5
      ],
      "type": "VEC3"
    },
    {
      "bufferView": 34,
      "byteOffset": 12,
      "componentType": 5126,
      "count": 354,
      "type": "VEC3"
    },
    {
      "bufferView": 35,
      "componentType": 5125,
      "count": 1104,
      "type": "SCALAR"
    },
    {
      "bufferView": 36,
      "componentType": 5126,
      "count": 2451,
      "max": [
        114.19776916503906,
        108.88185119628906,
        26.739362716674805
      ],
      "min": [
        -81.07904052734375,
        -108.88184356689453,
        -1.4249128525989363e-06
      ],
      "type": "VEC3"
    },
    {
      "bufferView": 36,
      "byteOffset": 12,
      "componentType": 5126,
      "count": 2451,
      "type": "VEC3"
    },
    {
      "bufferView": 37,
      "componentType": 5125,
      "count": 8280,
      "type": "SCALAR"
    },
    {
      "bufferView": 38,
      "componentType": 5126,
      "count": 1458,
      "max": [
        122.2234878540039,
        11.371597290039063,
        85.4344253540039
      ],
      "min": [
        -69.73285675048828,
        -75.91969299316406,
        -85.43443298339844
      ],
      "type": "VEC3"
    },
    {
      "bufferView": 38,
      "byteOffset": 12,
      "componentType": 5126,
      "count": 1458,
      "type": "VEC3"
    },
    {
      "bufferView": 39,
      "componentType": 5125,
      "count": 6468,
      "type": "SCALAR"
    },
    {
      "bufferView": 40,
      "componentType": 5126,
      "count": 90,
      "max": [
        25.14385223388672,
        85.1973876953125,
        10.886632919311523
      ],
      "min": [
        -38.09117889404297,
        -122.86125183105469,
        -5.88662052154541
      ],
      "type": "VEC3"
    },
    {
      "bufferView": 40,
      "byteOffset": 12,
      "componentType": 5126,
      "count": 90,
      "type": "VEC3"
    },
    {
      "bufferView": 41,
      "componentType": 5125,
      "count": 180,
      "type": "SCALAR"
    },
    {
      "bufferView": 42,
      "componentType": 5126,
      "count": 90,
      "max": [
        25.14385223388672,
        85.1973876953125,
        10.886632919311523
      ],
      "min": [
        -38.09117889404297,
        -122.86125183105469,
        -5.88662052154541
      ],
      "type": "VEC3"
    },
    {
      "bufferView": 42,
      "byteOffset": 12,
      "componentType": 5126,
      "count": 90,
      "type": "VEC3"
    },
    {
      "bufferView": 43,
      "componentType": 5125,
      "count": 180,
      "type": "SCALAR"
    }
  ],
  "asset": {
    "version": "2.0"
  },
  "bufferViews": [
    {
      "buffer": 0,
      "byteLength": 8064,
      "byteStride": 24,
      "target": 34962
    },
    {
      "buffer": 0,
      "byteLength": 8064,
      "byteOffset": 8064,
      "target": 34963
    },
    {
      "buffer": 0,
      "byteLength": 26424,
      "byteOffset": 16128,
      "byteStride": 24,
      "target": 34962
    },
    {
      "buffer": 0,
      "byteLength": 16128,
      "byteOffset": 42552,
      "target": 34963
    },
    {
      "buffer": 0,
      "byteLength": 36480,
      "byteOffset": 58680,
      "byteStride": 32,
      "target": 34962
    },
    {
      "buffer": 0,
      "byteLength": 17688,
      "byteOffset": 95160,
      "target": 34963
    },
    {
      "buffer": 0,
      "byteLength": 33280,
      "byteOffset": 112848,
      "byteStride": 32,
      "target": 34962
    },
    {
      "buffer": 0,
      "byteLength": 8112,
      "byteOffset": 146128,
      "target": 34963
    },
    {
      "buffer": 0,
      "byteLength": 33280,
      "byteOffset": 154240,
      "byteStride": 32,
      "target": 34962
    },
    {
      "buffer": 0,
      "byteLength": 8112,
      "byteOffset": 187520,
      "target": 34963
    },
    {
      "buffer": 0,
      "byteLength": 15936,
      "byteOffset": 195632,
      "byteStride": 32,
      "target": 34962
    },
    {
      "buffer": 0,
      "byteLength": 7008,
      "byteOffset": 211568,
      "target": 34963
    },
    {
      "buffer": 0,
      "byteLength": 15936,
      "byteOffset": 218576,
      "byteStride": 32,
      "target": 34962
    },
    {
      "buffer": 0,
      "byteLength": 7008,
      "byteOffset": 234512,
      "target": 34963
    },
    {
      "buffer": 0,
      "byteLength": 36480,
      "byteOffset": 241520,
      "byteStride": 32,
      "target": 34962
    },
    {
      "buffer": 0,
      "byteLength": 17688,
      "byteOffset": 278000,
      "target": 34963
    },
    {
      "buffer": 0,
      "byteLength": 33280,
      "byteOffset": 295688,
      "byteStride": 32,
      "target": 34962
    },
    {
      "buffer": 0,
      "byteLength": 8112,
      "byteOffset": 328968,
      "target": 34963
    },
    {
      "buffer": 0,
      "byteLength": 33280,
      "byteOffset": 337080,
      "byteStride": 32,
      "target": 34962
    },
    {
      "buffer": 0,
      "byteLength": 8112,
      "byteOffset": 370360,
      "target": 34963
    },
    {
      "buffer": 0,
      "byteLength": 15936,
      "byteOffset": 378472,
      "byteStride": 32,
      "target": 34962
    },
    {
      "buffer": 0,
      "byteLength": 7008,
      "byteOffset": 394408,
      "target": 34963
    },
    {
      "buffer": 0,
      "byteLength": 15936,
      "byteOffset": 401416,
      "byteStride": 32,
      "target": 34962
    },
    {
      "buffer": 0,
      "byteLength": 7008,
      "byteOffset": 417352,
      "target": 34963
    },
    {
      "buffer": 0,
      "byteLength": 36480,
      "byteOffset": 424360,
      "byteStride": 32,
      "target": 34962
    },
    {
      "buffer": 0,
      "byteLength": 17688,
      "byteOffset": 460840,
      "target": 34963
    },
    {
      "buffer": 0,
      "byteLength": 33280,
      "byteOffset": 478528,
      "byteStride": 32,
      "target": 34962
    },
    {
      "buffer": 0,
      "byteLength": 8112,
      "byteOffset": 511808,
      "target": 34963
    },
    {
      "buffer": 0,
      "byteLength": 33280,
      "byteOffset": 519920,
      "byteStride": 32,
      "target": 34962
    },
    {
      "buffer": 0,
      "byteLength": 8112,
      "byteOffset": 553200,
      "target": 34963
    },
    {
      "buffer": 0,
      "byteLength": 15936,
      "byteOffset": 561312,
      "byteStride": 32,
      "target": 34962
    },
    {
      "buffer": 0,
      "byteLength": 7008,
      "byteOffset": 577248,
      "target": 34963
    },
    {
      "buffer": 0,
      "byteLength": 15936,
      "byteOffset": 584256,
      "byteStride": 32,
      "target": 34962
    },
    {
      "buffer": 0,
      "byteLength": 7008,
      "byteOffset": 600192,
      "target": 34963
    },
    {
      "buffer": 0,
      "byteLength": 8496,
      "byteOffset": 607200,
      "byteStride": 24,
      "target": 34962
    },
    {
      "buffer": 0,
      "byteLength": 4416,
      "byteOffset": 615696,
      "target": 34963
    },
    {
      "buffer": 0,
      "byteLength": 78432,
      "byteOffset": 620112,
      "byteStride": 32,
      "target": 34962
    },
    {
      "buffer": 0,
      "byteLength": 33120,
      "byteOffset": 698544,
      "target": 34963
    },
    {
      "buffer": 0,
      "byteLength": 34992,
      "byteOffset": 731664,
      "byteStride": 24,
      "target": 34962
    },
    {
      "buffer": 0,
      "byteLength": 25872,
      "byteOffset": 766656,
      "target": 34963
    },
    {
      "buffer": 0,
      "byteLength": 2160,
      "byteOffset": 792528,
      "byteStride": 24,
      "target": 34962
    },
    {
      "buffer": 0,
      "byteLength": 720,
      "byteOffset": 794688,
      "target": 34963
    },
    {
      "buffer": 0,
      "byteLength": 2160,
      "byteOffset": 795408,
      "byteStride": 24,
      "target": 34962
    },
    {
      "buffer": 0,
      "byteLength": 720,
      "byteOffset": 797568,
      "target": 34963
    }
  ],
  "buffers": [
    {
      "byteLength": 798288,
      "uri": "uploads_files_3074097_Rigged+model.bin"
    }
  ],
  "materials": [
    {
      "name": "fallback Material",
      "pbrMetallicRoughness": {
        "baseColorFactor": [
          0.023529411764705882,
          0.5294117647058824,
          0.023529411764705882,
          1.0
        ]
      }
    },
    {
      "name": "fallback Material",
      "pbrMetallicRoughness": {
        "baseColorFactor": [
          0.0,
          0.0,
          0.0,
          1.0
        ]
      }
    },
    {
      "name": "fallback Material",
      "pbrMetallicRoughness": {
        "baseColorFactor": [
          0.0,
          0.0,
          0.0,
          1.0
        ]
      }
    },
    {
      "name": "fallback Material",
      "pbrMetallicRoughness": {
        "baseColorFactor": [
          0.023529411764705882,
          0.5294117647058824,
          0.023529411764705882,
          1.0
        ]
      }
    }
  ],
  "meshes": [
    {
      "name": "Contr_Main",
      "primitives": [
        {
          "attributes": {
            "NORMAL": 1,
            "POSITION": 0
          },
          "indices": 2,
          "material": 0,
          "mode": 4
        }
      ]
    },
    {
      "name": "Base",
      "primitives": [
        {
          "attributes": {
            "NORMAL": 4,
            "POSITION": 3
          },
          "indices": 5,
          "material": 1,
          "mode": 4
        }
      ]
    },
    {
      "name": "Main_hand_1",
      "primitives": [
        {
          "attributes": {
            "NORMAL": 7,
            "POSITION": 6
          },
          "indices": 8,
          "material": 1,
          "mode": 4
        },
        {
          "attributes": {
            "NORMAL": 10,
            "POSITION": 9
          },
          "indices": 11,
          "material": 2,
          "mode": 4
        }
      ]
    },
    {
      "name": "Bracket_t_1",
      "primitives": [
        {
          "attributes": {
            "NORMAL": 13,
            "POSITION": 12
          },
          "indices": 14,
          "material": 2,
          "mode": 4
        }
      ]
    },
    {
      "name": "Bracket_b_1",
      "primitives": [
        {
          "attributes": {
            "NORMAL": 16,
            "POSITION": 15
          },
          "indices": 17,
          "material": 2,
          "mode": 4
        }
      ]
    },
    {
      "name": "Rod_L_1",
      "primitives": [
        {
          "attributes": {
            "NORMAL": 19,
            "POSITION": 18
          },
          "indices": 20,
          "material": 1,
          "mode": 4
        }
      ]
    },
    {
      "name": "Rod_R_1",
      "primitives": [
        {
          "attributes": {
            "NORMAL": 22,
            "POSITION": 21
          },
          "indices": 23,
          "material": 1,
          "mode": 4
        }
      ]
    },
    {
      "name": "Main_hand_002",
      "primitives": [
        {
          "attributes": {
            "NORMAL": 25,
            "POSITION": 24
          },
          "indices": 26,
          "material": 1,
          "mode": 4
        },
        {
          "attributes": {
            "NORMAL": 28,
            "POSITION": 27
          },
          "indices": 29,
          "material": 2,
          "mode": 4
        }
      ]
    },
    {
      "name": "Bracket_t_002",
      "primitives": [
        {
          "attributes": {
            "NORMAL": 31,
            "POSITION": 30
          },
          "indices": 32,
          "material": 2,
          "mode": 4
        }
      ]
    },
    {
      "name": "Bracket_b_002",
      "primitives": [
        {
          "attributes": {
            "NORMAL": 34,
            "POSITION": 33
          },
          "indices": 35,
          "material": 2,
          "mode": 4
        }
      ]
    },
    {
      "name": "Rod_L_002",
      "primitives": [
        {
          "attributes": {
            "NORMAL": 37,
            "POSITION": 36
          },
          "indices": 38,
          "material": 1,
          "mode": 4
        }
      ]
    },
    {
      "name": "Rod_R_002",
      "primitives": [
        {
          "attributes": {
            "NORMAL": 40,
            "POSITION": 39
          },
          "indices": 41,
          "material": 1,
          "mode": 4
        }
      ]
    },
    {
      "name": "Main_hand_003",
      "primitives": [
        {
          "attributes": {
            "NORMAL": 43,
            "POSITION": 42
          },
          "indices": 44,
          "material": 1,
          "mode": 4
        },
        {
          "attributes": {
            "NORMAL": 46,
            "POSITION": 45
          },
          "indices": 47,
          "material": 2,
          "mode": 4
        }
      ]
    },
    {
      "name": "Bracket_t_003",
      "primitives": [
        {
          "attributes": {
            "NORMAL": 49,
            "POSITION": 48
          },
          "indices": 50,
          "material": 2,
          "mode": 4
        }
      ]
    },
    {
      "name": "Bracket_b_003",
      "primitives": [
        {
          "attributes": {
            "NORMAL": 52,
            "POSITION": 51
          },
          "indices": 53,
          "material": 2,
          "mode": 4
        }
      ]
    },
    {
      "name": "Rod_L_003",
      "primitives": [
        {
          "attributes": {
            "NORMAL": 55,
            "POSITION": 54
          },
          "indices": 56,
          "material": 1,
          "mode": 4
        }
      ]
    },
    {
      "name": "Rod_R_003",
      "primitives": [
        {
          "attributes": {
            "NORMAL": 58,
            "POSITION": 57
          },
          "indices": 59,
          "material": 1,
          "mode": 4
        }
      ]
    },
    {
      "name": "Contr_hand",
      "primitives": [
        {
          "attributes": {
            "NORMAL": 61,
            "POSITION": 60
          },
          "indices": 62,
          "material": 3,
          "mode": 4
        }
      ]
    },
    {
      "name": "Krestovina",
      "primitives": [
        {
          "attributes": {
            "NORMAL": 64,
            "POSITION": 63
          },
          "indices": 65,
          "material": 2,
          "mode": 4
        }
      ]
    },
    {
      "name": "Engine",
      "primitives": [
        {
          "attributes": {
            "NORMAL": 67,
            "POSITION": 66
          },
          "indices": 68,
          "material": 1,
          "mode": 4
        }
      ]
    },
    {
      "name": "Holder1",
      "primitives": [
        {
          "attributes": {
            "NORMAL": 70,
            "POSITION": 69
          },
          "indices": 71,
          "material": 2,
          "mode": 4
        }
      ]
    },
    {
      "name": "Holder2",
      "primitives": [
        {
          "attributes": {
            "NORMAL": 73,
            "POSITION": 72
          },
          "indices": 74,
          "material": 2,
          "mode": 4
        }
      ]
    }
  ],
  "nodes": [
    {
      "matrix": [
        0.001,
        0.0,
        0.0,
        0.0,
        0.0,
        0.001,
        0.0,
        0.0,
        0.0,
        0.0,
        0.001,
        0.0,
        0.0,
        0.0,
        0.0,
        1.0
      ],
      "mesh": 0,
      "name": "Contr_Main"
    },
    {
      "children": [
        0
      ],
      "matrix": [
        1.0,
        0.0,
        0.0,
        0.0,
        0.0,
        0.0,
        -1.0,
        0.0,
        0.0,
        1.0,
        0.0,
        0.0,
        0.0,
        1.17558447265625,
        5.024903657613322e-08,
        1.0
      ]
    },
    {
      "matrix": [
        0.001,
        0.0,
        0.0,
        0.0,
        0.0,
        0.001,
        0.0,
        0.0,
        0.0,
        0.0,
        0.001,
        0.0,
        0.0,
        0.0,
        0.0,
        1.0
      ],
      "mesh": 1,
      "name": "Base"
    },
    {
      "children": [
        2
      ],
      "matrix": [
        1.0,
        0.0,
        0.0,
        0.0,
        0.0,
        0.0,
        -1.0,
        0.0,
        0.0,
        1.0,
        0.0,
        0.0,
        0.0,
        1.09408349609375,
        4.782390897162259e-08,
        1.0
      ]
    },
    {
      "matrix": [
        0.001,
        0.0,
        0.0,
        0.0,
        0.0,
        0.001,
        0.0,
        0.0,
        0.0,
        0.0,
        0.001,
        0.0,
        0.0,
        0.0,
        0.0,
        1.0
      ],
      "mesh": 2,
      "name": "Main_hand_1"
    },
    {
      "children": [
        4
      ],
      "matrix": [
        0.8902091383934021,
        0.45555198192596436,
        -4.493061922516972e-08,
        0.0,
        -0.45555198192596436,
        0.8902091383934021,
        5.0350138280919055e-08,
        0.0,
        9.050040716829244e-08,
        -2.8514627103959356e-08,
        1.0,
        0.0,
        0.34881283569335936,
        1.0364976806640624,
        -0.022122886657714846,
        1.0
      ]
    },
    {
      "matrix": [
        0.001,
        0.0,
        0.0,
        0.0,
        0.0,
        0.001,
        0.0,
        0.0,
        0.0,
        0.0,
        0.001,
        0.0,
        0.0,
        0.0,
        0.0,
        1.0
      ],
      "mesh": 3,
      "name": "Bracket_t_1"
    },
    {
      "children": [
        6
      ],
      "matrix": [
        -2.4541805032640696e-07,
        -7.816622655809624e-07,
        1.000000238418579,
        0.0,
        0.35683977603912354,
        0.9341655969619749,
        8.878814696799962e-07,
        0.0,
        -0.9341658353805542,
        0.35683971643447865,
        4.0464538386686386e-08,
        0.0,
        0.644663818359375,
        1.13773828125,
        4.951369191985577e-09,
        1.0
      ]
    },
    {
      "matrix": [
        0.001,
        0.0,
        0.0,
        0.0,
        0.0,
        0.001,
        0.0,
        0.0,
        0.0,
        0.0,
        0.001,
        0.0,
        0.0,
        0.0,
        0.0,
        1.0
      ],
      "mesh": 4,
      "name": "Bracket_b_1"
    },
    {
      "children": [
        8
      ],
      "matrix": [
        1.5608634384989275e-07,
        1.0499527434149059e-06,
        -1.0,
        0.0,
        -0.35683995485305786,
        -0.9341656565666201,
        -1.0595156254566973e-06,
        0.0,
        -0.9341657757759096,
        0.3568398356437683,
        1.8645654620286223e-07,
        0.0,
        0.35055648803710937,
        0.3670692443847656,
        0.5464911499023437,
        1.0
      ]
    },
    {
      "matrix": [
        0.001,
        0.0,
        0.0,
        0.0,
        0.0,
        0.001,
        0.0,
        0.0,
        0.0,
        0.0,
        0.001,
        0.0,
        0.0,
        0.0,
        0.0,
        1.0
      ],
      "mesh": 5,
      "name": "Rod_L_1"
    },
    {
      "children": [
        10
      ],
      "matrix": [
        -2.901484208450711e-07,
        -3.196242062131205e-07,
        1.0,
        0.0,
        0.5517188310623169,
        0.8340302109718323,
        4.86532144350349e-07,
        0.0,
        -0.8340302109718323,
        0.5517187714576721,
        1.4441076778837214e-08,
        0.0,
        0.6463317260742187,
        1.06483642578125,
        0.016328390121459962,
        1.0
      ]
    },
    {
      "matrix": [
        0.001,
        0.0,
        0.0,
        0.0,
        0.0,
        0.001,
        0.0,
        0.0,
        0.0,
        0.0,
        0.001,
        0.0,
        0.0,
        0.0,
        0.0,
        1.0
      ],
      "mesh": 6,
      "name": "Rod_R_1"
    },
    {
      "children": [
        12
      ],
      "matrix": [
        -2.901484208450711e-07,
        -3.196242062131205e-07,
        1.0,
        0.0,
        0.5517188310623169,
        0.8340302109718323,
        4.86532144350349e-07,
        0.0,
        -0.8340302109718323,
        0.5517187714576721,
        1.4441076778837214e-08,
        0.0,
        0.6463317260742187,
        1.0648363037109376,
        -0.01632798194885254,
        1.0
      ]
    },
    {
      "matrix": [
        0.001,
        0.0,
        0.0,
        0.0,
        0.0,
        0.001,
        0.0,
        0.0,
        0.0,
        0.0,
        0.001,
        0.0,
        0.0,
        0.0,
        0.0,
        1.0
      ],
      "mesh": 7,
      "name": "Main_hand_002"
    },
    {
      "children": [
        14
      ],
      "matrix": [
        -0.19495952129364014,
        -0.920849084854126,
        -0.3376798927783966,
        0.0,
        -0.46042436361312866,
        0.3899191617965698,
        -0.7974787354469302,
        0.0,
        0.866025447845459,
        -5.698183613844776e-08,
        -0.4999998211860658,
        0.0,
        -0.1936337432861328,
        1.03687353515625,
        -0.29113748168945314,
        1.0
      ]
    },
    {
      "matrix": [
        0.001,
        0.0,
        0.0,
        0.0,
        0.0,
        0.001,
        0.0,
        0.0,
        0.0,
        0.0,
        0.001,
        0.0,
        0.0,
        0.0,
        0.0,
        1.0
      ],
      "mesh": 8,
      "name": "Bracket_t_002"
    },
    {
      "children": [
        16
      ],
      "matrix": [
        0.8660262823104858,
        -3.529140144564735e-07,
        -0.4999997019767761,
        0.0,
        -0.4635993540287018,
        0.3745664656162262,
        -0.8029795289039612,
        0.0,
        0.187283456325531,
        0.927200198173523,
        0.3243841528892518,
        0.0,
        -0.21719345092773437,
        0.7298226318359375,
        -0.37618988037109374,
        1.0
      ]
    },
    {
      "matrix": [
        0.001,
        0.0,
        0.0,
        0.0,
        0.0,
        0.001,
        0.0,
        0.0,
        0.0,
        0.0,
        0.001,
        0.0,
        0.0,
        0.0,
        0.0,
        1.0
      ],
      "mesh": 9,
      "name": "Bracket_b_002"
    },
    {
      "children": [
        18
      ],
      "matrix": [
        -0.866025984287262,
        5.832281999573752e-07,
        0.4999993145465851,
        0.0,
        0.46359920501708984,
        -0.37456631660461426,
        0.8029797077178955,
        0.0,
        0.1872834414243698,
        0.9272003173828125,
        0.32438382506370533,
        0.0,
        0.18175819396972656,
        0.3609799499511719,
        0.44859197998046874,
        1.0
      ]
    },
    {
      "matrix": [
        0.001,
        0.0,
        0.0,
        0.0,
        0.0,
        0.001,
        0.0,
        0.0,
        0.0,
        0.0,
        0.001,
        0.0,
        0.0,
        0.0,
        0.0,
        1.0
      ],
      "mesh": 10,
      "name": "Rod_L_002"
    },
    {
      "children": [
        20
      ],
      "matrix": [
        0.8660255074501038,
        -2.163858709991473e-07,
        -0.49999973177909846,
        0.0,
        -0.275859147310257,
        0.8340300917625427,
        -0.47780278325080877,
        0.0,
        0.4170150756835938,
        0.5517189502716064,
        0.7222912311553956,
        0.0,
        -0.309025146484375,
        1.06483642578125,
        -0.56790380859375,
        1.0
      ]
    },
    {
      "matrix": [
        0.001,
        0.0,
        0.0,
        0.0,
        0.0,
        0.001,
        0.0,
        0.0,
        0.0,
        0.0,
        0.001,
        0.0,
        0.0,
        0.0,
        0.0,
        1.0
      ],
      "mesh": 11,
      "name": "Rod_R_002"
    },
    {
      "children": [
        22
      ],
      "matrix": [
        0.8660255074501038,
        -2.163858709991473e-07,
        -0.49999973177909846,
        0.0,
        -0.275859147310257,
        0.8340300917625427,
        -0.47780278325080877,
        0.0,
        0.4170150756835938,
        0.5517189502716064,
        0.7222912311553956,
        0.0,
        -0.337306396484375,
        1.0648363037109376,
        -0.5515755615234376,
        1.0
      ]
    },
    {
      "matrix": [
        0.001,
        0.0,
        0.0,
        0.0,
        0.0,
        0.001,
        0.0,
        0.0,
        0.0,
        0.0,
        0.001,
        0.0,
        0.0,
        0.0,
        0.0,
        1.0
      ],
      "mesh": 12,
      "name": "Main_hand_003"
    },
    {
      "children": [
        24
      ],
      "matrix": [
        -0.3525204062461853,
        0.7091667652130127,
        0.6105831861495972,
        0.0,
        0.35458332300186157,
        0.7050407528877258,
        -0.6141566038131714,
        0.0,
        -0.8660255074501038,
        -6.315589473615546e-08,
        -0.49999988079071045,
        0.0,
        -0.1552725830078125,
        1.0364283447265625,
        0.3131861267089844,
        1.0
      ]
    },
    {
      "matrix": [
        0.001,
        0.0,
        0.0,
        0.0,
        0.0,
        0.001,
        0.0,
        0.0,
        0.0,
        0.0,
        0.001,
        0.0,
        0.0,
        0.0,
        0.0,
        1.0
      ],
      "mesh": 13,
      "name": "Bracket_t_003"
    },
    {
      "children": [
        26
      ],
      "matrix": [
        -0.8660257458686829,
        -8.238063173848786e-07,
        -0.5000004172325134,
        0.0,
        -0.07652812451124191,
        0.9882179498672483,
        0.13254880905151367,
        0.0,
        0.49410906434059143,
        0.15305458009243011,
        -0.8558221459388733,
        0.0,
        -0.2990345153808594,
        1.22370947265625,
        0.5179432373046875,
        1.0
      ]
    },
    {
      "matrix": [
        0.001,
        0.0,
        0.0,
        0.0,
        0.0,
        0.001,
        0.0,
        0.0,
        0.0,
        0.0,
        0.001,
        0.0,
        0.0,
        0.0,
        0.0,
        1.0
      ],
      "mesh": 14,
      "name": "Bracket_b_003"
    },
    {
      "children": [
        28
      ],
      "matrix": [
        0.8660257458686829,
        9.749103355716215e-07,
        0.5000001788139343,
        0.0,
        0.07652834802865982,
        -0.9882179498672485,
        -0.13254901766777039,
        0.0,
        0.49410879611968994,
        0.15305501222610474,
        -0.8558220267295837,
        0.0,
        0.18228848266601563,
        0.36883734130859375,
        0.6432494506835937,
        1.0
      ]
    },
    {
      "matrix": [
        0.001,
        0.0,
        0.0,
        0.0,
        0.0,
        0.001,
        0.0,
        0.0,
        0.0,
        0.0,
        0.001,
        0.0,
        0.0,
        0.0,
        0.0,
        1.0
      ],
      "mesh": 15,
      "name": "Rod_L_003"
    },
    {
      "children": [
        30
      ],
      "matrix": [
        -0.8660253286361694,
        -4.228624561619654e-07,
        -0.5000002384185791,
        0.0,
        -0.2758599817752838,
        0.8340300917625427,
        0.4778023958206177,
        0.0,
        0.4170149862766266,
        0.5517189502716064,
        -0.7222914099693298,
        0.0,
        -0.3373065185546875,
        1.06483642578125,
        0.55157568359375,
        1.0
      ]
    },
    {
      "matrix": [
        0.001,
        0.0,
        0.0,
        0.0,
        0.0,
        0.001,
        0.0,
        0.0,
        0.0,
        0.0,
        0.001,
        0.0,
        0.0,
        0.0,
        0.0,
        1.0
      ],
      "mesh": 16,
      "name": "Rod_R_003"
    },
    {
      "children": [
        32
      ],
      "matrix": [
        -0.8660253286361694,
        -4.228624561619654e-07,
        -0.5000002384185791,
        0.0,
        -0.2758599817752838,
        0.8340300917625427,
        0.4778023958206177,
        0.0,
        0.4170149862766266,
        0.5517189502716064,
        -0.7222914099693298,
        0.0,
        -0.3090252685546875,
        1.0648363037109376,
        0.56790380859375,
        1.0
      ]
    },
    {
      "matrix": [
        0.001,
        0.0,
        0.0,
        0.0,
        0.0,
        0.001,
        0.0,
        0.0,
        0.0,
        0.0,
        0.001,
        0.0,
        0.0,
        0.0,
        0.0,
        1.0
      ],
      "mesh": 17,
      "name": "Contr_hand"
    },
    {
      "children": [
        34
      ],
      "matrix": [
        1.0,
        0.0,
        0.0,
        0.0,
        0.0,
        0.0,
        -1.0,
        0.0,
        0.0,
        1.0,
        0.0,
        0.0,
        0.2379019775390625,
        0.1495743408203125,
        0.54596728515625,
        1.0
      ]
    },
    {
      "matrix": [
        0.001,
        0.0,
        0.0,
        0.0,
        0.0,
